368
216
372
316
416
592
420
276
276
264
268
36
168
36
36
36
36
36
32
36
32
36
40
68
172
52
36
36
36
32
100
436
276
268
264
332
312
264
268
264
264
280
276
268
276
384
264
264
380
268
296
36
36
32
32
36
36
40
32
40
36
36
36
36
36
84
200
40
32
32
304
268
348
268
268
276
276
268
268
268
264
264
124
268
336
376
396
280
276
264
264
32
40
36
36
32
56
32
36
32
32
36
36
40
32
212
32
32
176
36
24
300
276
276
268
276
152
264
276
264
396
264
276
276
264
368
384
368
264
276
268
24
176
36
36
24
24
36
40
40
36
24
32
32
24
40
32
36
32
36
272
172
268
276
268
276
396
268
268
264
264
264
264
276
268
2528
372
276
276
276
264
36
36
24
36
36
36
216
40
32
168
32
36
40
24
36
40
40
36
36
276
300
404
96
264
268
276
268
268
268
268
276
276
280
512
384
372
264
264
276
272
36
40
32
36
36
24
36
36
36
176
2156
36
36
32
52
40
24
32
32
292
300
268
268
264
100
264
264
280
276
268
264
268
276
264
380
532
280
276
264
272
36
24
40
36
24
36
40
32
32
24
36
36
32
36
40
36
36
36
40
280
300
264
276
268
264
180
268
268
276
268
268
276
264
276
388
276
276
268
264
372
40
36
36
36
32
32
32
32
40
32
36
32
40
40
40
36
32
36
32
280
296
268
276
268
24
276
264
264
264
268
268
276
268
276
372
268
276
264
264
268
100
24
40
52
56
56
52
32
36
24
36
40
32
36
52
52
52
52
832
368
268
280
268
276
276
368
372
264
276
268
268
276
268
276
416
540
396
420
520
580
52
52
52
52
52
32
36
36
24
36
40
36
36
36
52
36
36
36
32
276
300
276
276
276
272
268
276
268
264
