372
372
444
380
380
376
400
372
560
408
512
2352
420
384
504
376
404
372
452
600
536
384
696
384
560
368
544
392
372
372
552
384
428
384
396
368
396
452
560
444
448
524
384
396
376
448
376
832
452
808
396
712
480
376
384
412
400
616
384
372
372
520
372
372
372
1528
376
384
404
372
376
368
372
484
372
380
372
592
696
700
380
372
376
372
384
372
372
372
368
436
520
372
384
372
368
1792
412
372
376
372
400
372
392
376
384
384
372
372
368
384
388
512
376
372
376
384
372
376
396
388
372
792
376
372
368
380
372
368
372
380
372
380
372
512
372
372
536
372
384
372
380
372
372
372
376
376
376
384
372
372
596
384
372
384
384
384
380
372
380
428
464
372
372
404
372
444
368
384
372
404
392
376
420
436
372
624
408
416
372
376
400
424
412
408
500
504
392
472
552
1288
376
408
468
412
392
372
376
380
376
424
764
428
464
376
516
392
420
412
452
408
520
372
412
680
376
412
512
404
392
372
516
424
408
788
380
400
388
600
384
528
428
664
552
500
376
416
384
396
372
384
408
432
444
416
376
436
688
444
372
412
384
428
372
376
372
400
392
432
372
416
368
748
372
424
380
420
384
436
384
412
372
428
384
428
372
392
372
372
388
408
384
420
380
432
388
416
392
520
384
404
372
396
376
412
380
372
384
384
380
380
372
380
376
400
384
376
372
372
376
2404
372
2204
372
384
384
376
440
372
460
412
384
384
384
372
376
380
384
384
380
380
372
384
380
584
380
472
376
376
376
384
384
408
380
420
384
372
372
380
384
408
404
520
388
420
424
372
380
448
368
424
496
396
384
384
488
452
372
428
372
416
372
376
376
404
368
412
372
388
372
448
484
428
384
396
376
396
372
372
380
524
380
520
720
380
684
640
488
372
384
372
