520
368
380
56
56
24
44
24
24
28
28
28
24
24
24
24
28
28
28
28
28
24
280
504
264
248
252
260
280
244
276
124
276
276
160
276
276
288
268
156
272
276
204
28
28
28
28
28
40
28
28
24
28
304
28
28
24
28
28
24
40
28
140
128
268
24
276
268
276
264
156
92
372
268
264
128
92
276
268
252
276
120
112
104
40
28
24
28
28
28
28
24
28
192
24
24
36
28
28
24
24
28
192
24
268
280
276
184
264
244
352
404
512
428
752
376
188
168
276
276
260
264
120
24
52
24
28
28
24
28
24
28
56
28
24
24
24
24
24
24
28
28
236
276
368
276
268
268
264
276
116
264
160
112
276
268
444
412
264
164
276
268
272
28
28
28
24
28
52
28
24
28
24
28
24
24
28
28
28
24
32
28
252
268
160
264
164
268
276
276
268
264
368
124
276
212
276
120
268
264
268
276
264
28
24
24
28
24
24
28
24
28
24
28
28
24
44
28
24
24
28
28
240
276
124
276
264
276
136
264
160
276
232
120
100
276
264
268
280
156
276
276
268
28
28
28
28
28
28
28
28
28
28
28
32
28
28
28
28
28
28
28
120
268
280
264
268
276
264
276
128
276
268
264
276
276
164
184
276
276
268
280
276
28
28
28
28
28
28
28
28
28
28
24
188
28
28
28
28
28
28
28
152
268
268
268
276
276
276
264
124
276
264
268
164
236
276
276
268
256
264
276
100
84
28
28
28
24
28
28
24
28
24
28
28
140
28
28
28
24
28
24
152
268
188
120
116
276
276
268
120
268
164
276
264
268
264
252
268
268
268
280
264
28
28
28
28
28
28
28
24
28
24
28
24
28
28
28
28
28
28
28
24
276
264
160
276
264
268
276
188
268
236
276
264
276
184
156
276
276
