380
372
376
444
384
424
368
368
380
372
380
368
376
376
376
480
372
436
372
392
372
380
380
380
372
396
396
396
380
408
368
380
368
380
404
404
368
372
368
368
372
372
372
376
380
380
376
380
368
380
368
380
372
372
380
368
380
508
388
376
372
376
368
376
368
372
376
388
372
380
372
380
376
368
368
380
380
380
368
372
372
368
384
372
368
384
368
368
380
368
368
368
368
496
384
376
372
372
388
388
372
380
380
372
372
372
376
488
384
372
380
368
372
368
376
368
400
368
388
368
368
368
372
372
372
372
372
380
508
368
376
380
380
376
372
376
372
368
368
368
380
368
380
368
368
372
372
368
368
368
380
368
388
380
380
368
368
372
396
380
372
368
376
372
376
376
368
372
508
368
372
368
368
372
372
380
372
372
372
368
372
468
376
368
372
380
376
372
372
384
632
372
368
368
368
368
372
372
376
372
372
368
368
376
508
380
372
368
368
376
368
368
392
376
384
508
512
508
380
368
384
368
408
368
368
376
368
364
408
368
556
372
376
372
368
368
376
380
496
376
440
368
368
380
520
368
376
380
508
376
372
376
532
368
372
372
372
380
372
372
372
372
496
376
564
368
380
368
432
372
400
368
372
380
508
396
396
368
376
368
368
372
372
380
488
380
372
368
372
372
384
372
380
380
372
376
380
380
380
368
380
368
372
372
376
376
380
376
372
388
376
372
372
372
384
388
372
384
368
372
376
372
372
368
372
372
384
380
376
380
380
372
368
372
552
388
368
368
368
368
372
368
380
380
540
380
380
372
372
372
376
376
372
372
380
368
372
380
372
384
372
368
376
368
380
368
372
376
368
368
508
380
380
368
368
368
372
372
544
368
368
368
408
392
368
376
420
372
372
372
380
372
544
376
488
380
520
372
508
392
