464
2476
468
452
556
460
464
456
456
460
528
532
540
544
540
556
536
572
876
560
548
596
552
552
572
536
776
560
528
556
680
460
556
456
460
728
452
456
460
488
464
392
468
432
468
484
468
472
456
460
460
536
560
672
660
840
552
544
564
584
552
552
536
544
552
544
584
564
564
668
564
460
464
480
472
468
464
468
2236
584
452
480
456
464
472
456
456
464
456
464
452
532
548
556
540
536
556
576
704
556
540
564
560
532
556
564
552
564
556
652
560
472
456
472
460
472
468
464
456
464
460
460
476
464
456
764
456
472
460
464
484
524
564
636
560
560
560
560
540
544
536
568
544
540
568
644
580
648
548
536
560
696
2416
460
456
456
464
472
468
456
460
636
476
464
456
468
468
456
452
460
468
680
556
544
548
544
556
548
556
548
552
544
656
556
560
564
524
520
800
568
532
464
456
468
468
460
468
460
460
564
468
460
468
452
476
468
468
572
452
472
468
580
548
552
544
544
556
540
552
540
560
636
552
528
556
564
576
568
560
544
564
456
452
496
460
468
576
464
468
480
604
472
456
468
472
452
448
468
468
472
456
572
560
588
540
544
548
560
536
564
564
656
552
648
556
640
552
532
552
544
544
468
464
464
464
464
588
544
460
464
460
460
476
468
472
464
464
464
456
460
452
556
564
652
552
688
544
560
544
640
544
564
544
644
540
564
552
568
544
536
544
460
452
520
476
452
460
448
460
448
468
560
768
464
456
444
468
460
468
472
468
572
556
872
560
660
540
672
540
556
552
532
544
668
588
524
560
652
564
572
532
464
468
460
464
576
464
464
476
460
472
456
460
592
464
468
456
468
464
568
464
544
552
644
568
564
576
556
564
576
568
532
556
568
560
568
532
556
564
636
540
460
480
468
460
464
2404
460
464
476
