372
272
384
272
280
280
436
268
156
148
268
332
364
276
276
268
268
264
276
268
276
268
276
436
396
444
272
260
268
280
268
276
268
280
276
276
2424
256
268
276
268
268
268
268
276
268
372
388
556
280
268
280
264
156
280
276
264
264
268
268
364
276
268
280
276
280
384
372
268
520
424
372
368
268
268
268
276
268
268
428
372
440
412
380
372
392
408
268
264
280
276
40
280
268
276
268
376
268
268
160
368
268
272
268
276
276
144
280
372
276
264
264
404
268
268
120
276
168
268
264
364
112
268
268
276
268
444
264
264
264
268
260
380
268
276
276
268
280
268
276
276
268
268
268
624
276
388
268
268
280
264
268
276
268
268
268
544
268
264
276
268
276
276
268
268
268
408
156
440
268
264
276
268
276
268
268
276
276
268
276
380
280
268
268
268
268
268
280
280
280
276
44
328
276
268
264
268
116
268
276
264
264
288
276
504
268
260
264
268
268
120
156
264
264
268
268
368
272
268
276
276
276
268
280
280
252
372
368
408
268
432
372
516
436
528
384
268
376
376
372
372
372
384
372
2428
424
372
432
272
376
268
264
268
280
280
280
268
160
280
276
276
280
280
276
152
396
428
380
2580
368
276
212
380
304
268
276
268
276
268
268
268
268
268
268
268
268
268
180
276
268
280
268
276
276
268
276
268
160
280
280
264
264
268
268
260
268
264
264
276
280
268
268
268
268
268
264
268
268
280
268
268
276
268
280
276
360
268
268
268
276
268
276
276
268
268
268
268
276
268
268
268
268
268
276
268
396
272
268
276
276
268
280
268
268
280
268
120
148
268
280
276
304
276
276
268
264
324
152
268
120
268
268
268
280
264
268
280
116
268
268
268
276
268
268
276
400
268
268
276
280
264
196
268
268
280
568
372
524
276
120
