392
404
384
420
392
580
408
428
432
404
408
1360
420
560
416
416
388
424
528
2480
444
436
376
764
368
724
528
424
384
400
384
388
452
476
376
516
388
408
444
408
388
852
432
536
388
428
428
408
388
400
424
712
388
384
372
392
532
396
536
460
536
708
384
528
524
532
488
384
376
412
528
432
528
528
388
556
540
400
556
492
380
524
396
404
536
408
416
392
528
484
384
384
536
528
396
456
396
568
388
428
408
404
404
424
416
424
536
404
440
416
384
428
408
436
392
424
536
516
408
412
372
424
420
420
380
468
408
456
384
400
380
408
388
404
528
412
532
380
388
512
416
512
380
496
452
440
388
392
528
380
392
532
424
424
396
792
428
384
412
528
448
384
420
396
400
396
536
704
408
420
408
392
408
436
408
432
380
396
432
380
420
388
524
412
380
456
432
444
384
444
448
392
444
432
384
672
384
392
408
420
420
392
424
376
2392
408
448
384
420
540
584
380
452
412
508
408
412
464
420
408
432
392
420
412
544
528
416
396
392
524
408
524
516
420
372
432
456
452
416
536
384
384
424
536
392
432
404
540
420
380
380
556
432
404
384
552
424
664
524
1172
436
388
452
388
420
532
556
516
428
400
528
392
624
468
392
548
392
576
408
568
448
436
380
396
428
436
704
420
408
396
420
396
524
412
412
384
548
408
380
392
536
528
372
384
388
384
388
388
396
392
560
396
720
392
508
388
388
384
396
448
388
408
532
420
380
888
744
608
716
380
388
408
768
384
380
420
392
396
528
468
1620
432
568
424
384
528
436
388
524
420
416
436
376
412
372
456
384
416
388
420
524
400
384
400
508
416
384
404
408
388
388
392
808
424
528
408
380
452
380
440
380
524
524
376
432
432
396
408
408
404
576
380
392
444
516
448
416
460
540
384
