808
376
396
408
404
384
376
396
396
416
372
384
380
768
372
380
376
380
704
412
372
384
376
380
380
372
372
384
536
376
372
404
384
372
388
372
376
420
372
372
672
700
376
408
628
372
400
372
372
420
408
432
368
372
384
372
392
372
384
732
396
380
376
408
372
376
372
368
428
372
380
384
372
372
408
372
372
384
380
368
376
384
384
376
404
2436
392
372
368
448
372
372
376
388
376
368
384
1624
376
380
444
380
416
376
372
380
372
372
372
376
404
372
376
384
384
372
380
388
384
380
388
384
712
392
384
392
496
388
396
388
504
392
388
392
388
384
612
392
384
388
384
384
392
392
460
396
388
388
420
388
600
392
384
384
384
388
416
380
380
376
384
420
376
372
548
372
372
368
408
372
376
380
380
372
380
380
404
372
428
368
384
528
384
372
508
380
376
372
384
416
372
372
388
436
372
452
372
496
568
372
372
384
372
372
372
376
372
372
372
716
764
368
376
372
372
420
408
524
384
640
416
384
384
396
372
372
376
372
372
376
444
372
432
380
372
376
484
404
372
372
668
368
456
372
376
512
396
368
420
488
384
372
424
384
384
372
384
432
372
584
428
372
432
572
416
372
444
372
372
384
388
384
388
372
376
384
376
396
428
372
372
396
636
668
376
400
380
380
372
372
384
636
380
372
380
392
372
372
376
524
376
372
376
372
372
408
416
564
372
380
376
376
384
376
428
416
384
372
372
372
384
548
372
400
432
368
372
376
444
376
452
384
372
376
452
380
376
384
376
396
384
480
380
384
376
372
372
380
384
396
372
684
372
408
524
384
384
372
368
508
388
376
636
508
384
384
372
380
372
408
404
376
712
464
388
432
392
512
372
372
1056
384
372
372
384
376
392
380
372
368
476
380
372
392
372
380
372
520
372
468
