564
460
460
560
460
464
468
500
396
464
464
400
460
460
408
500
464
464
456
460
760
560
564
664
724
396
408
544
392
568
572
548
452
652
592
556
428
584
412
572
428
464
464
468
460
452
460
460
460
468
468
556
452
468
412
468
444
464
404
456
448
540
492
540
492
560
576
544
688
548
420
640
436
548
420
576
548
404
560
548
404
472
416
576
400
468
400
468
412
464
452
456
436
460
416
464
400
468
940
564
404
556
428
556
596
624
536
556
408
572
420
572
412
560
400
624
460
556
396
556
448
460
392
468
412
460
416
460
408
464
552
456
408
464
436
460
388
492
440
400
404
560
488
2512
396
568
416
544
412
544
412
556
412
548
412
552
552
548
408
556
472
448
428
456
2444
456
404
472
416
464
388
484
428
424
536
464
416
468
392
492
536
544
484
560
540
556
424
620
496
644
1136
536
496
416
428
648
752
544
420
548
412
460
508
480
488
452
404
460
388
464
468
516
592
472
412
464
464
384
468
472
508
568
452
540
396
548
436
556
3216
584
692
552
580
556
460
548
380
560
564
700
576
456
716
476
468
460
420
396
412
452
492
464
456
472
472
476
536
468
444
468
504
548
560
532
564
648
572
556
416
392
588
424
424
536
572
560
380
636
544
560
576
460
460
460
412
568
580
468
460
452
456
2404
464
492
472
460
488
460
468
2596
468
548
644
388
548
572
572
544
548
556
536
456
408
556
568
2480
556
560
576
556
572
460
556
476
492
468
756
476
460
464
468
464
420
2564
460
416
464
452
412
464
648
552
664
516
2404
556
532
536
540
556
656
576
512
528
640
556
568
416
408
540
548
460
480
424
408
796
448
468
468
460
2464
472
528
556
420
408
420
480
516
460
548
644
452
564
408
544
396
532
572
552
596
656
492
644
564
656
768
544
556
548
