584
32
1516
28
32
28
32
268
264
268
2332
284
276
372
540
284
268
268
324
280
276
268
264
372
3052
264
280
152
56
48
76
24
224
52
76
32
236
28
32
232
216
228
56
32
220
32
220
264
388
280
372
148
280
372
364
276
268
272
264
268
532
268
276
280
268
268
264
268
240
32
44
28
216
56
32
56
28
32
232
32
28
32
216
220
224
32
216
280
280
268
384
276
280
372
400
280
412
276
264
276
280
276
268
448
268
268
268
268
36
44
52
28
24
52
68
28
32
32
232
32
232
32
32
28
28
220
32
440
268
276
276
376
276
932
276
280
264
264
276
264
276
268
268
268
516
268
268
264
32
28
32
56
28
56
64
32
228
216
884
228
32
28
28
32
28
32
32
536
484
268
268
372
264
388
276
264
280
276
276
264
268
276
276
276
268
264
268
492
32
916
32
208
24
52
80
28
32
32
224
1184
32
980
32
236
28
424
224
268
276
488
276
376
268
384
276
268
268
540
272
276
268
264
276
428
276
264
276
276
28
52
32
52
32
56
68
216
32
32
244
32
220
252
32
244
32
60
28
276
264
268
276
384
268
372
104
276
264
280
268
276
276
348
268
280
268
264
276
268
28
224
52
52
496
52
72
24
28
32
904
28
32
32
224
228
224
32
28
268
372
264
400
276
380
376
432
276
268
276
268
268
268
280
264
276
268
268
272
268
32
24
724
32
52
48
216
28
28
32
224
32
188
24
32
220
216
32
28
1204
268
280
276
268
384
368
276
280
272
280
380
264
444
268
276
268
276
276
276
280
56
32
32
32
52
68
76
32
32
32
548
32
24
32
24
228
32
28
32
268
276
264
276
276
384
372
412
276
268
284
544
276
268
268
276
268
276
268
276
276
192
32
32
32
52
44
232
32
28
28
240
28
